P0: 9.600000000000e+02 0.000000000000e+00 9.600000000000e+02 0.000000000000e+00 0.000000000000e+00 9.600000000000e+02 5.400000000000e+02 0.000000000000e+00 0.000000000000e+00 0.000000000000e+00 1.000000000000e+00 0.000000000000e+00
R0_rect: 1.000000000000e+00 0.000000000000e+00 0.000000000000e+00 0.000000000000e+00 1.000000000000e+00 0.000000000000e+00 0.000000000000e+00 0.000000000000e+00 1.000000000000e+00
Tr_velo_to_cam: 0.000000000000e+00 -1.000000000000e+00 0.000000000000e+00 0.000000000000e+00 0.000000000000e+00 0.000000000000e+00 -1.000000000000e+00 0.000000000000e+00 1.000000000000e+00 8.673617379884e-19 0.000000000000e+00 0.000000000000e+00
